Title: Li in Open Clusters: Cool Dwarfs in the Young, 
       Subsolar Metallicity Cluster M35 (NGC 2168) 
Authors: Anthony-Twarog B.J., Deliyannis C.P., Harmer D., 
         Lee-Brown D.B., Steinhauer A., Sun Q., Twarog B.A. 
Table: Measured and Derived Lithium data
================================================================================
Byte-by-byte Description of file: ajaacb1ft3_mrt.txt
--------------------------------------------------------------------------------
   Bytes Format Units     Label  Explanations
--------------------------------------------------------------------------------
   1-  6 A6      ---      WOCS   WOCS Identification
   8- 11 F4.2    mag      (B-V)  The (B-V) color index
  13- 17 F5.1    10-13m   EW     Equivalent width of Li line
  19- 21 I3      ---      S/N    Signal-to-noise per pixel ratio
  23- 26 F4.2    [-]      A(Li)  Lithium abundance
  28- 31 F4.2    [-]    e_A(Li)  Error in A(Li)
      33 I1      ---      Code   Lithium abundance code (1)
--------------------------------------------------------------------------------
Note (1):
    0 = 3{sigma} detection;
    1 = upper limit value limited by S/N;
    2 = upper limit value limited by the parameter range of 
        the curve-of-growth-based grid.
--------------------------------------------------------------------------------
8003   1.01 158.5  52 2.19 0.06 0
13006  0.82  51.5 101 2.20 0.06 0
15007  0.83 120.0 101 2.70 0.03 0
16007  0.81 115.6  94 2.75 0.04 0
16010  0.77 106.6 117 2.84 0.03 0
18011  0.78 101.7 108 2.77 0.04 0
21010  0.82 137.7  87 2.85 0.04 0
22030  0.76 122.4 107 2.98 0.03 0
23006  0.98 120.6  50 2.09 0.06 0
24012  0.79 135.2  88 2.95 0.03 0
26016  0.83 122.3  76 2.71 0.04 0
26017  0.93 124.6  62 2.32 0.05 0
27016  0.88 139.8  75 2.62 0.04 0
29019  0.86 142.7  67 2.72 0.04 0
29021  0.80 143.8  85 2.96 0.04 0
31026  0.75 129.0 100 3.06 0.03 0
31030  0.87 153.1  75 2.74 0.04 0
31038  0.72 122.7 102 3.13 0.03 0
32029  0.76 131.8  99 3.04 0.03 0
32030  0.84 149.0  74 2.83 0.04 0
32032  0.78 162.2  90 3.15 0.04 0
32043  0.84 119.4  78 2.66 0.04 0
32048  0.79  98.9 112 2.72 0.03 0
33034  0.78  55.2  99 2.39 0.05 0
34014  0.84  94.3  74 2.49 0.05 0
34015  0.81 126.9  97 2.82 0.03 0
34022  0.85 141.3  74 2.75 0.04 0
34027  0.85 125.2  70 2.65 0.04 0
35043  0.82 151.8  76 2.93 0.04 0
36012  1.02  86.9  46 1.68 0.08 0
36014  0.91 128.6  64 2.43 0.05 0
36036  0.77 148.1  79 3.10 0.04 0
36037  0.80 164.2  85 3.08 0.04 0
36047  0.80 148.1  89 2.99 0.04 0
36048  0.76  96.1 100 2.81 0.03 0
38017  0.99 153.8  47 2.24 0.06 0
38029  0.83 129.4  82 2.76 0.04 0
38037  0.78 142.3  81 3.03 0.04 0
38042  0.76 126.3  93 3.01 0.03 0
38048  0.73 134.7  99 3.17 0.04 0
40016  1.08 151.4  37 1.84 0.08 0
40032  0.88 151.5  76 2.69 0.04 0
41024  1.06 114.8  43 1.71 0.07 0
42014  0.98 140.7  47 2.21 0.06 0
42022  0.96 136.5  58 2.27 0.05 0
43045  0.76 143.2  91 3.11 0.04 0
45030  1.00 151.7  53 2.19 0.05 0
46015  0.96  71.6  60 1.81 0.09 0
46017  1.11 114.9  35 1.49 0.09 0
46030  0.99 143.1  53 2.18 0.05 0
48015  0.94 135.9  55 2.35 0.05 0
49041  0.79 130.2  90 2.92 0.04 0
50013  1.02 112.0  44 1.86 0.07 0
50035  0.88 120.9  62 2.51 0.05 0
51029  0.91 117.6  64 2.36 0.05 0
52025  1.05 153.2  43 1.99 0.07 0
52030  1.03 149.2  47 2.05 0.06 0
55032  0.95 136.4  57 2.31 0.05 0
56021  1.03   0.0  40 1.25 0.00 1
56045  0.84 132.5  70 2.74 0.04 0
57026  0.95 137.2  48 2.32 0.06 0
57038  0.88 223.9  61 3.12 0.09 0
58015  1.05 119.2  42 1.78 0.07 0
59038  0.92 100.2  60 2.21 0.05 0
61018  1.02 125.5  43 1.95 0.07 0
61030  1.03 141.1  42 2.00 0.07 0
62033  1.01 292.7  48 3.02 0.11 0
62041  0.86 182.4  67 2.95 0.05 0
64027  1.05 106.3  42 1.69 0.08 0
66029  0.98 182.1  45 2.45 0.06 0
71034  0.93 167.9  53 2.57 0.05 0
84032  1.12 122.7  35 1.50 0.08 0
86043  1.09 122.5  36 1.63 0.08 0
100042 1.05 151.6  40 1.98 0.08 0
F1     1.10 144.2  33 1.71 0.08 0
F2     1.07  51.7  32 1.16 0.00 1
F3     1.14 231.5  32 2.03 0.13 0
F4     1.14 216.2  30 1.94 0.14 0
F5     1.19 166.3  23 1.45 0.11 0
F6     1.31  40.9  15 0.79 0.00 1
F7     1.33 123.3  15 0.74 0.17 0
F8     1.29   0.0  13 0.92 0.00 1
F9     1.48   0.0  10 1.00 0.00 2 
F10    1.42  48.9  10 0.64 0.00 1
F11    1.39 116.9   8 1.15 0.00 1