06 39 03.75 +09 40 23.4
06 39 15.25 +09 39 37.8
06 39 15.37 +09 53 03.6
06 39 15.55 +09 24 44.8
06 39 15.63 +09 39 13.0
06 39 15.70 +09 29 29.4
06 39 16.37 +09 19 53.3
06 39 16.45 +09 31 16.1
06 39 16.62 +10 00 55.3
06 39 16.85 +09 17 41.0
06 39 17.25 +09 30 52.9
06 39 17.43 +09 21 37.8
06 39 17.43 +09 25 37.9
06 39 17.50 +09 53 14.8
06 39 17.68 +09 33 26.4
06 39 17.97 +09 18 22.6
06 39 18.06 +09 29 57.5
06 39 18.02 +09 41 15.4
06 39 18.54 +09 42 50.4
06 39 18.67 +09 47 52.3
06 39 18.98 +09 31 05.5
06 39 18.97 +09 42 22.9
06 39 19.09 +09 21 00.0
06 39 19.19 +09 27 43.6
06 39 19.21 +09 51 35.6
06 39 19.60 +09 28 56.0
06 39 19.60 +09 31 11.8
06 39 19.70 +09 26 50.2
06 39 20.15 +09 50 14.5
06 39 20.13 +09 50 34.9
06 39 20.66 +09 58 56.4
06 39 21.11 +09 36 27.9
06 39 21.42 +09 59 49.4
06 39 21.62 +09 45 07.6
06 39 21.71 +09 54 23.2
06 39 21.88 +09 55 59.3
06 39 22.02 +09 35 23.7
06 39 22.33 +09 43 21.6
06 39 22.44 +09 45 10.6
06 39 22.60 +09 30 38.0
06 39 22.69 +09 54 30.7
06 39 22.93 +09 35 23.4
06 39 22.94 +09 36 16.9
06 39 23.26 +09 40 08.7
06 39 23.20 +09 47 03.6
06 39 23.56 +09 20 55.0
06 39 23.97 +09 42 01.7
06 39 24.01 +09 25 50.8
06 39 24.05 +09 52 31.4
06 39 24.15 +09 18 05.8
06 39 24.32 +09 56 19.3
06 39 24.42 +09 49 03.7
06 39 24.55 +09 50 40.2
06 39 24.68 +09 17 21.6
06 39 24.65 +09 22 33.2
06 39 24.97 +09 22 07.5
06 39 25.35 +09 25 35.7
06 39 25.36 +09 43 14.7
06 39 25.64 +09 42 53.6
06 39 25.81 +09 38 12.4
06 39 26.26 +09 41 10.8
06 39 26.49 +09 43 29.8
06 39 26.65 +09 30 37.9
06 39 26.80 +09 19 21.5
06 39 26.92 +09 41 22.0
06 39 27.58 +09 23 09.2
06 39 27.59 +09 51 00.9
06 39 28.05 +09 35 56.2
06 39 28.35 +09 53 59.0
06 39 28.72 +09 26 41.0
06 39 28.73 +09 54 59.9
06 39 29.36 +09 20 58.9
06 39 29.36 +09 43 39.8
06 39 29.59 +09 48 13.4
06 39 30.32 +09 23 00.0
06 39 30.38 +09 33 37.5
06 39 30.44 +09 49 24.1
06 39 30.54 +09 28 50.1
06 39 31.14 +09 53 30.5
06 39 31.45 +09 30 37.8
06 39 31.61 +09 47 35.5
06 39 32.27 +09 49 53.0
06 39 32.78 +09 51 03.9
06 39 32.98 +09 56 29.4
06 39 33.01 +09 27 20.6
06 39 33.27 +09 48 42.3
06 39 33.33 +09 30 11.8
06 39 33.40 +09 52 01.7
06 39 33.41 +09 47 28.9
06 39 33.57 +09 51 40.5
06 39 33.72 +09 33 31.0
06 39 33.97 +09 29 50.0
06 39 33.99 +09 49 20.9
06 39 34.27 +09 46 45.0
06 39 34.41 +09 54 51.3
06 39 34.67 +09 24 40.2
06 39 34.75 +09 46 54.2
06 39 34.91 +09 33 36.1
06 39 35.34 +09 32 32.3
06 39 36.03 +09 24 26.2
06 39 36.05 +09 40 45.3
06 39 36.34 +09 56 31.2
06 39 36.54 +09 41 38.7
06 39 37.34 +09 26 37.5
06 39 37.58 +09 31 31.0
06 39 38.19 +09 53 07.9
06 39 38.27 +09 28 37.3
06 39 38.67 +09 40 44.1
06 39 38.84 +09 51 51.8
06 39 39.62 +09 45 44.3
06 39 39.74 +09 48 12.9
06 39 40.25 +09 18 21.8
06 39 40.32 +09 26 07.4
06 39 41.48 +09 46 19.7
06 39 41.57 +09 34 40.5
06 39 41.79 +09 48 51.4
06 39 41.88 +09 18 04.5
06 39 41.81 +10 00 29.9
06 39 41.97 +09 47 19.7
06 39 41.92 +09 51 32.3
06 39 42.24 +09 56 31.1
06 39 42.53 +09 55 13.3
06 39 42.65 +09 31 51.4
06 39 42.66 +09 55 34.5
06 39 43.07 +09 26 01.7
06 39 43.26 +09 25 19.5
06 39 43.35 +09 38 54.3
06 39 43.65 +09 57 45.7
06 39 44.16 +09 54 03.7
06 39 44.19 +09 57 04.3
06 39 44.37 +10 00 55.2
06 39 45.18 +09 46 43.0
06 39 45.44 +09 24 39.7
06 39 46.00 +09 57 24.6
06 39 46.12 +09 58 03.3
06 39 46.27 +09 48 19.8
06 39 47.24 +09 24 18.1
06 39 47.72 +09 26 06.7
06 39 48.20 +09 59 05.7
06 39 48.36 +09 48 52.6
06 39 48.89 +09 43 06.2
06 39 49.60 +09 33 22.1
06 39 49.74 +09 58 38.8
06 39 49.83 +09 56 21.8
06 39 50.22 +09 58 17.2
06 39 51.10 +09 36 32.8
06 39 52.33 +09 19 09.5
06 39 52.65 +09 58 31.1
06 39 52.72 +09 58 30.8
06 39 52.87 +09 28 07.5
06 39 53.28 +09 49 45.8
06 39 55.29 +09 59 11.3
06 39 55.76 +09 34 28.5
06 39 56.06 +09 58 50.1
06 39 56.18 +09 30 46.2
06 39 56.39 +09 43 31.5
06 39 56.83 +09 44 25.2
06 39 57.19 +09 17 28.9
06 39 57.65 +09 23 23.2
06 39 58.80 +09 58 45.5
06 39 59.24 +09 27 24.5
06 40 00.90 +09 20 44.4
06 40 01.12 +09 35 33.5
06 40 01.22 +09 42 36.5
06 40 01.26 +09 46 42.5
06 40 01.44 +09 31 05.8
06 40 02.67 +09 35 24.3
06 40 03.15 +09 50 08.6
06 40 03.22 +09 58 35.8
06 40 03.85 +09 58 12.2
06 40 05.11 +09 33 50.3
06 40 05.17 +09 46 18.1
06 40 05.53 +09 22 26.1
06 40 05.66 +09 35 49.3
06 40 05.99 +09 57 51.0
06 40 06.01 +09 49 42.7
06 40 06.38 +09 39 33.6
06 40 06.66 +09 20 33.3
06 40 07.59 +09 56 53.3
06 40 07.69 +09 44 46.6
06 40 08.35 +09 57 26.2
06 40 08.43 +09 59 26.0
06 40 08.63 +09 55 13.9
06 40 08.83 +09 19 09.1
06 40 09.17 +09 20 58.1
06 40 10.28 +09 50 09.5
06 40 10.35 +09 34 43.0
06 40 10.59 +09 17 26.9
06 40 10.89 +09 40 07.3
06 40 11.13 +09 38 05.9
06 40 11.40 +09 41 42.8
06 40 11.55 +09 59 22.9
06 40 12.00 +10 11 45.7
06 40 12.50 +09 28 13.1
06 40 12.44 +09 44 23.1
06 40 12.58 +10 05 40.5
06 40 12.76 +09 59 03.3
06 40 13.10 +09 21 03.5
06 40 13.45 +09 19 27.6
06 40 13.77 +09 52 06.7
06 40 13.70 +09 56 30.6
06 40 14.23 +09 46 52.8
06 40 15.16 +10 01 57.8
06 40 15.35 +09 42 42.4
06 40 15.39 +09 59 18.6
06 40 15.58 +09 25 34.5
06 40 16.04 +09 57 37.7
06 40 16.69 +09 40 22.6
06 40 17.62 +09 47 58.0
06 40 18.02 +09 50 22.1
06 40 18.64 +10 00 24.8
06 40 19.94 +09 57 38.4
06 40 20.09 +09 28 28.5
06 40 20.27 +09 56 06.4
06 40 20.96 +09 23 54.2
06 40 21.06 +09 46 28.0
06 40 21.16 +09 59 02.5
06 40 21.31 +09 20 14.2
06 40 22.22 +09 54 28.9
06 40 23.13 +09 56 19.9
06 40 23.42 +09 54 55.6
06 40 23.48 +09 59 23.3
06 40 23.46 +10 01 35.7
06 40 23.69 +09 59 51.5
06 40 23.73 +09 55 23.9
06 40 24.16 +09 34 12.5
06 40 25.48 +09 48 26.0
06 40 25.69 +09 58 35.6
06 40 25.65 +09 59 59.7
06 40 25.73 +10 01 11.2
06 40 26.08 +09 58 20.8
06 40 26.52 +09 35 22.0
06 40 26.76 +09 25 28.3
06 40 27.29 +09 20 36.9
06 40 27.22 +09 22 21.2
06 40 27.38 +09 27 27.5
06 40 28.15 +09 23 45.6
06 40 28.49 +09 58 31.9
06 40 28.59 +09 35 47.6
06 40 28.78 +09 31 00.3
06 40 28.95 +09 42 17.1
06 40 29.25 +09 44 07.5
06 40 29.47 +10 00 47.8
06 40 29.69 +09 18 51.8
06 40 29.75 +09 59 33.3
06 40 29.89 +09 50 10.4
06 40 30.60 +09 50 14.8
06 40 30.62 +09 46 10.6
06 40 30.77 +09 48 07.7
06 40 30.98 +10 06 25.5
06 40 31.27 +09 31 07.5
06 40 31.34 +09 41 29.2
06 40 31.64 +09 48 23.4
06 40 31.83 +09 36 00.6
06 40 31.84 +09 43 15.3
06 40 32.80 +09 51 29.3
06 40 32.99 +09 36 18.5
06 40 33.00 +09 23 11.1
06 40 33.33 +09 58 53.0
06 40 33.73 +09 17 18.9
06 40 33.76 +09 32 57.0
06 40 33.73 +10 00 19.3
06 40 33.84 +10 02 50.4
06 40 34.30 +09 38 51.7
06 40 34.47 +09 35 18.3
06 40 34.72 +09 59 46.7
06 40 34.77 +10 01 20.6
06 40 36.36 +09 22 44.5
06 40 36.52 +09 50 45.6
06 40 36.63 +09 48 23.0
06 40 36.66 +09 52 03.2
06 40 36.98 +09 39 09.8
06 40 37.20 +09 26 51.3
06 40 37.21 +09 31 09.9
06 40 37.46 +09 55 21.3
06 40 37.85 +09 17 30.2
06 40 37.87 +09 34 54.0
06 40 37.80 +09 40 10.6
06 40 37.91 +09 18 16.7
06 40 38.03 +09 32 49.2
06 40 38.20 +09 29 52.5
06 40 38.68 +09 36 57.0
06 40 38.78 +09 21 38.3
06 40 39.02 +09 36 00.0
06 40 39.12 +09 50 58.6
06 40 39.34 +09 34 45.6
06 40 39.47 +09 42 56.3
06 40 39.48 +09 48 40.0
06 40 39.53 +09 17 51.3
06 40 40.06 +09 35 02.9
06 40 40.01 +09 51 04.7
06 40 40.23 +10 00 23.7
06 40 41.01 +09 27 54.3
06 40 41.03 +09 47 57.7
06 40 41.14 +09 52 56.5
06 40 41.28 +09 17 57.0
06 40 41.25 +09 54 30.9
06 40 41.32 +09 51 02.4
06 40 41.36 +09 54 13.9
06 40 41.42 +09 48 09.6
06 40 41.56 +09 55 17.4
06 40 41.93 +09 43 55.2
06 40 42.45 +09 32 20.6
06 40 42.40 +10 01 53.5
06 40 42.62 +09 53 48.0
06 40 43.24 +09 31 15.0
06 40 43.35 +09 50 59.5
06 40 43.43 +09 28 40.9
06 40 43.60 +09 17 04.0
06 40 44.13 +09 23 55.4
06 40 44.24 +09 53 39.4
06 40 44.59 +09 32 26.2
06 40 44.59 +09 48 12.6
06 40 45.16 +09 28 44.4
06 40 45.21 +09 23 54.7
06 40 45.54 +09 51 23.1
06 40 45.62 +09 26 10.5
06 40 45.69 +09 48 03.4
06 40 45.87 +09 59 46.0
06 40 46.01 +09 17 58.2
06 40 46.10 +09 47 50.2
06 40 46.45 +09 59 46.4
06 40 46.73 +09 54 24.7
06 40 47.01 +09 46 07.6
06 40 47.13 +09 18 33.2
06 40 47.18 +09 28 49.9
06 40 47.11 +09 32 40.1
06 40 47.12 +09 42 07.7
06 40 47.21 +09 53 09.2
06 40 47.50 +09 49 29.0
06 40 47.57 +10 00 57.4
06 40 47.99 +10 01 22.5
06 40 48.62 +09 32 52.4
06 40 48.75 +09 32 42.5
06 40 48.84 +09 43 25.7
06 40 48.80 +09 43 26.0
06 40 48.90 +09 17 11.6
06 40 49.04 +09 57 45.1
06 40 49.21 +09 57 38.8
06 40 50.06 +09 49 43.0
06 40 50.08 +09 52 27.5
06 40 50.18 +09 37 25.5
06 40 50.14 +09 57 04.0
06 40 50.34 +09 19 54.5
06 40 50.30 +10 01 04.3
06 40 50.49 +09 45 45.4
06 40 50.41 +09 48 50.6
06 40 50.86 +09 55 53.1
06 40 51.19 +09 44 46.1
06 40 51.38 +10 03 03.0
06 40 51.46 +09 37 14.5
06 40 51.42 +09 41 21.4
06 40 51.59 +09 28 44.5
06 40 51.54 +09 43 24.2
06 40 52.20 +09 52 31.2
06 40 52.20 +09 56 43.3
06 40 52.54 +09 50 58.5
06 40 52.55 +09 52 06.0
06 40 52.68 +09 44 21.0
06 40 52.73 +09 28 43.8
06 40 52.76 +09 43 00.4
06 40 52.92 +09 44 54.4
06 40 53.63 +09 47 04.4
06 40 53.71 +09 57 59.7
06 40 54.20 +09 55 52.0
06 40 54.26 +09 49 20.4
06 40 54.31 +09 47 10.7
06 40 54.55 +10 01 50.7
06 40 55.18 +09 50 49.8
06 40 55.28 +09 47 50.4
06 40 55.32 +09 39 58.8
06 40 55.49 +09 31 21.8
06 40 55.62 +09 38 24.9
06 40 55.74 +09 46 45.7
06 40 56.39 +09 21 13.7
06 40 56.40 +09 35 53.3
06 40 56.80 +09 37 49.0
06 40 56.81 +09 48 43.5
06 40 56.83 +09 48 44.1
06 40 56.84 +09 51 56.6
06 40 56.95 +09 48 40.7
06 40 57.77 +09 30 50.3
06 40 57.84 +09 51 08.9
06 40 58.00 +09 18 03.0
06 40 58.10 +09 36 53.4
06 40 58.10 +09 51 13.5
06 40 58.20 +09 55 44.5
06 40 58.67 +09 36 13.3
06 40 58.64 +09 45 54.6
06 40 58.84 +09 30 57.3
06 40 58.83 +09 39 18.8
06 40 58.92 +09 28 52.8
06 40 59.04 +09 49 06.2
06 40 59.36 +09 33 33.4
06 40 59.50 +09 29 51.7
06 40 59.91 +09 47 04.4
06 41 00.00 +09 28 50.0
06 41 00.22 +09 39 07.0
06 41 00.25 +09 58 49.6
06 41 00.43 +09 54 03.5
06 41 00.70 +09 21 51.5
06 41 00.78 +09 51 22.3
06 41 00.98 +09 32 44.4
06 41 01.12 +09 34 52.2
06 41 01.34 +09 34 52.6
06 41 01.41 +09 34 08.1
06 41 01.53 +10 00 36.6
06 41 01.69 +09 21 05.6
06 41 01.72 +09 42 43.0
06 41 01.84 +09 38 41.1
06 41 02.05 +09 45 35.7
06 41 02.23 +09 27 24.1
06 41 02.45 +09 52 25.0
06 41 02.54 +09 34 55.8
06 41 02.59 +09 35 13.1
06 41 02.86 +09 18 10.1
06 41 02.86 +10 07 11.9
06 41 02.96 +09 47 54.3
06 41 03.28 +09 57 55.0
06 41 03.38 +09 40 44.8
06 41 03.57 +10 00 35.4
06 41 03.74 +09 27 39.8
06 41 03.94 +09 58 09.5
06 41 04.03 +09 23 32.2
06 41 04.07 +09 35 21.1
06 41 04.04 +09 49 08.8
06 41 04.18 +09 52 02.0
06 41 04.29 +09 24 52.2
06 41 04.32 +09 35 47.8
06 41 04.34 +09 48 22.1
06 41 04.44 +09 36 43.4
06 41 04.44 +09 51 26.1
06 41 04.47 +09 53 18.4
06 41 04.55 +09 25 18.3
06 41 04.71 +09 36 26.7
06 41 05.10 +09 48 48.0
06 41 05.14 +09 48 55.6
06 41 05.10 +09 51 44.6
06 41 05.18 +10 00 19.0
06 41 05.68 +09 54 18.7
06 41 05.75 +09 31 01.3
06 41 05.78 +09 48 17.5
06 41 05.88 +09 22 55.7
06 41 05.81 +09 52 47.9
06 41 06.00 +09 35 51.3
06 41 06.04 +09 35 52.0
06 41 06.23 +09 25 03.7
06 41 06.20 +09 36 23.0
06 41 06.43 +09 28 38.8
06 41 06.73 +09 47 27.6
06 41 06.89 +09 23 21.4
06 41 06.82 +09 27 32.3
06 41 06.90 +09 29 24.0
06 41 07.12 +09 12 38.3
06 41 07.16 +09 27 29.4
06 41 07.26 +09 58 31.2
06 41 07.34 +09 25 55.0
06 41 07.56 +09 41 33.6
06 41 07.77 +09 28 13.5
06 41 07.76 +09 41 14.9
06 41 08.01 +09 30 40.3
06 41 08.12 +09 23 22.3
06 41 08.21 +09 34 09.5
06 41 08.56 +09 42 51.5
06 41 08.87 +09 46 01.1
06 41 08.86 +09 53 01.1
06 41 08.96 +09 33 46.0
06 41 08.92 +09 41 14.8
06 41 08.93 +09 56 47.6
06 41 09.09 +09 30 09.1
06 41 09.20 +09 53 01.5
06 41 09.19 +09 53 02.1
06 41 09.51 +09 35 25.5
06 41 09.91 +09 30 20.7
06 41 10.14 +09 31 28.5
06 41 10.31 +09 21 49.5
06 41 10.79 +09 46 41.2
06 41 10.70 +09 57 42.5
06 41 11.00 +09 35 55.7
06 41 11.59 +10 02 23.6
06 41 11.82 +09 23 32.6
06 41 12.71 +09 59 44.6
06 41 12.87 +09 26 14.9
06 41 12.89 +09 46 00.8
06 41 12.82 +09 52 43.4
06 41 12.92 +09 05 25.7
06 41 12.96 +09 35 32.3
06 41 13.00 +09 27 40.0
06 41 13.22 +09 55 08.7
06 41 13.33 +09 28 07.5
06 41 13.30 +09 51 54.4
06 41 13.87 +09 45 42.5
06 41 14.47 +09 33 21.4
06 41 14.48 +09 37 14.3
06 41 14.75 +09 34 13.5
06 41 14.86 +09 25 55.1
06 41 14.85 +09 32 35.8
06 41 15.21 +09 37 57.6
06 41 15.47 +09 40 12.6
06 41 15.43 +09 46 39.6
06 41 15.75 +09 26 16.8
06 41 15.72 +09 38 18.2
06 41 15.99 +09 26 09.5
06 41 16.52 +09 52 13.2
06 41 16.78 +09 27 30.2
06 41 17.06 +09 32 52.3
06 41 17.10 +09 52 40.5
06 41 17.25 +09 54 32.4
06 41 17.71 +09 29 26.2
06 41 17.92 +09 29 01.1
06 41 18.08 +09 38 25.4
06 41 18.27 +09 33 53.6
06 41 18.37 +09 39 41.1
06 41 18.31 +09 44 06.8
06 41 18.30 +09 44 07.1
06 41 18.90 +09 39 44.0
06 41 18.93 +09 27 15.8
06 41 18.90 +09 35 54.2
06 41 19.45 +09 30 28.6
06 41 19.85 +09 27 04.8
06 41 20.54 +09 45 35.5
06 41 20.54 +09 47 30.0
06 41 20.71 +09 28 45.3
06 41 20.73 +09 43 15.6
06 41 21.42 +09 58 35.5
06 41 21.79 +09 45 31.0
06 41 22.02 +09 43 12.7
06 41 22.03 +09 51 12.7
06 41 22.54 +09 29 12.9
06 41 23.14 +09 37 33.9
06 41 23.20 +09 30 36.4
06 41 23.46 +09 45 58.6
06 41 23.63 +09 47 16.4
06 41 23.79 +09 33 56.5
06 41 24.25 +09 31 54.2
06 41 24.39 +09 21 39.0
06 41 24.54 +09 37 35.5
06 41 25.02 +09 42 42.1
06 41 25.63 +09 44 03.3
06 41 26.28 +09 34 48.3
06 41 26.22 +09 47 22.5
06 41 26.49 +09 44 05.8
06 41 26.67 +09 23 54.7
06 41 27.00 +09 30 13.1
06 41 27.56 +09 31 55.8
06 41 28.30 +09 35 00.0
06 41 28.74 +09 27 10.8
06 41 28.85 +10 09 14.5
06 41 29.19 +09 39 36.0
06 41 29.45 +09 39 18.2
06 41 30.75 +09 42 59.6
06 41 30.97 +09 20 20.0
06 41 31.12 +09 26 58.2
06 41 31.95 +09 55 14.7
06 41 32.50 +09 38 07.4
06 41 32.58 +09 45 36.4
06 41 32.70 +09 53 24.1
06 41 33.28 +09 41 46.1
06 41 33.59 +09 43 21.4
06 41 34.00 +09 58 48.6
06 41 34.26 +09 34 42.4
06 41 34.34 +09 25 53.4
06 41 34.38 +10 02 25.1
06 41 34.56 +09 36 32.5
06 41 35.48 +09 18 50.3
06 41 35.42 +09 49 19.2
06 41 35.74 +10 04 15.8
06 41 35.89 +09 40 42.0
06 41 36.00 +09 54 33.1
06 41 36.24 +09 39 20.4
06 41 36.71 +09 53 38.0
06 41 36.73 +09 58 19.8
06 41 37.29 +09 45 06.7
06 41 37.33 +09 58 37.6
06 41 37.54 +09 40 40.8
06 41 37.78 +09 45 33.3
06 41 38.16 +09 57 46.7
06 41 38.28 +09 32 13.3
06 41 38.77 +09 32 11.8
06 41 38.91 +10 09 35.5
06 41 39.05 +09 29 38.1
06 41 39.43 +10 00 02.1
06 41 39.63 +09 41 41.0
06 41 39.75 +09 40 27.9
06 41 40.67 +09 35 58.2
06 41 41.15 +09 33 54.6
06 41 41.40 +09 40 53.6
06 41 41.59 +09 46 13.5
06 41 42.06 +09 47 36.1
06 41 42.43 +09 50 31.4
06 41 42.73 +09 42 45.9
06 41 42.74 +09 42 56.6
06 41 42.88 +09 25 08.4
06 41 42.92 +09 23 27.9
06 41 43.44 +09 56 52.8
06 41 43.87 +09 41 04.4
06 41 43.99 +09 17 57.1
06 41 44.23 +09 41 29.7
06 41 44.38 +09 30 35.0
06 41 44.46 +09 39 35.9
06 41 44.94 +09 44 40.4
06 41 45.00 +09 56 11.3
06 41 45.60 +09 39 31.2
06 41 45.76 +09 26 42.8
06 41 45.91 +09 33 02.5
06 41 46.44 +09 43 06.8
06 41 46.68 +09 24 00.1
06 41 47.11 +09 38 04.7
06 41 47.22 +09 35 15.3
06 41 47.42 +09 42 00.3
06 41 47.42 +09 45 50.2
06 41 48.06 +09 42 43.3
06 41 48.19 +09 42 53.3
06 41 48.87 +09 43 13.4
06 41 49.02 +09 41 06.1
06 41 50.41 +09 39 27.1
06 41 50.46 +09 46 01.7
06 41 50.87 +09 47 25.8
06 41 51.04 +09 42 00.4
06 41 51.48 +09 44 09.7
06 41 51.46 +09 53 42.6
06 41 51.84 +09 32 56.6
06 41 52.19 +09 46 22.1
06 41 53.06 +09 49 15.9
06 41 53.06 +10 00 02.3
06 41 53.16 +09 50 47.4
06 41 53.69 +09 42 03.3
06 41 53.61 +09 46 15.0
06 41 54.48 +09 29 16.0
06 41 54.69 +09 41 27.2
06 41 54.84 +09 25 28.9
06 41 54.93 +09 42 52.7
06 41 55.79 +09 39 58.0
06 41 56.36 +09 50 05.9
06 41 56.72 +09 34 07.8
06 41 57.15 +09 57 41.5
06 41 58.04 +09 43 06.2
06 41 58.03 +09 50 54.2
06 41 58.56 +09 39 36.8
06 41 59.01 +09 26 21.4
06 42 01.11 +10 00 26.2
06 42 02.56 +09 36 52.5
06 42 02.68 +09 58 27.9
06 42 02.98 +09 27 29.2
06 42 03.03 +09 34 13.9
06 42 03.37 +09 37 13.0
06 42 03.71 +09 41 22.1
06 42 03.79 +09 49 59.2
06 42 04.20 +09 37 28.6
06 42 04.49 +09 42 38.2
06 42 05.60 +09 44 36.5
06 42 07.16 +09 53 44.5
06 42 07.12 +10 00 13.9
06 42 07.36 +09 49 47.1
06 42 07.86 +09 46 52.4
06 42 08.43 +09 33 21.8
06 42 08.70 +09 41 21.2
06 42 08.93 +09 42 08.6
06 42 09.15 +09 48 04.9
06 42 09.11 +09 59 02.8
06 42 09.12 +09 59 45.5
06 42 09.24 +09 44 03.4
06 42 09.48 +09 32 05.5
06 42 09.89 +09 45 22.1
06 42 10.10 +09 40 25.0
06 42 10.22 +09 36 04.5
06 42 10.33 +09 59 14.6
06 42 10.77 +09 55 59.6
06 42 11.37 +09 29 03.3
06 42 11.35 +09 29 04.4
06 42 11.38 +09 43 45.6
06 42 11.43 +09 34 23.9
06 42 12.57 +09 59 07.1
06 42 12.67 +09 31 31.6
06 42 12.74 +09 30 09.1
06 42 13.13 +09 46 03.5
06 42 13.95 +09 50 12.6
06 42 14.15 +09 43 08.9
06 42 15.46 +09 26 37.2
06 42 15.77 +09 40 33.1
06 42 16.67 +09 34 00.4
06 42 16.75 +09 36 52.9
06 42 16.99 +09 33 51.3
06 42 16.91 +09 47 25.2
06 42 17.79 +09 40 52.0
06 42 19.88 +09 31 02.0
06 42 20.07 +09 38 50.2
06 42 20.27 +09 37 04.5
06 42 22.77 +09 46 12.4
06 42 24.52 +09 31 26.2
06 42 25.69 +09 41 15.6
06 42 25.77 +09 41 51.5
06 42 26.57 +09 40 30.4
06 42 26.69 +09 37 50.4
06 42 27.20 +09 39 40.6
 
